3
1
2
3
3
1
1
1
3
1.30050083
1.26711185
1.24040067
3
1.26475639
1.10646061
1.07458682
3
-0.15727003
0.61424332
0.76854599
4
-1.14441559e-16 -8.23169887e-17 -8.58819983e-17 9.87166831e-01
4
-5.15989549e-16 -2.64347295e-16 -1.53331865e-16 9.99987000e-01
5
-3.10754532e-16 -1.79213817e-16 -1.33708666e-16 -5.15894782e-17
9.87166831e-01
5
-1.34969689e-15 -6.81195545e-16 -3.61753281e-16 -2.08437673e-16
9.99987000e-01
6
-5.16366018e-18 -2.83792303e-17 -5.92592153e-17 -1.48424642e-17
4.35598213e-17 9.87166831e-01
6
-2.97054149e-15 -1.49160731e-15 -7.66953897e-16 -4.11035347e-16
-2.02634548e-16 9.99987000e-01
7
-7.74215000e-17 -6.40445017e-17 -7.68630018e-17 -2.35314013e-17
3.92711061e-17 -6.01112969e-18 9.87166831e-01
7
-4.04930677e-15 -2.03098294e-15 -1.03663821e-15 -5.45875748e-16
-2.70053872e-16 -1.78467921e-16 9.99987000e-01
8
-8.83722085e-16 -4.62021099e-16 -2.73297650e-16 -1.20488286e-16
-6.33839714e-17 -1.03346481e-17 -7.95386000e-18 9.87166831e-01
8
-1.71195228e-14 -8.56600600e-15 -4.30410726e-15 -2.17958904e-15
-1.08689990e-15 -5.86885624e-16 -2.97724599e-16 9.99987000e-01
9
-8.54939815e-16 -4.47814647e-16 -2.66285581e-16 -1.17027245e-16
-6.16756590e-17 -9.49145344e-18 -7.53767310e-18 1.13501554e-18
9.87166831e-01
9
-3.89651330e-14 -1.94886691e-14 -9.76536781e-15 -4.91018381e-15
-2.45217954e-15 -1.26951657e-15 -6.39035635e-16 -3.41870133e-16
9.99987000e-01
10
-1.08128884e-15 -5.59536774e-16 -3.21429770e-16 -1.44245502e-16
-7.51101394e-17 -1.61224901e-17 -1.08106428e-17 -4.80468048e-19
-7.31048573e-18 9.87166831e-01
10
-1.06948442e-13 -5.34798817e-14 -2.67607532e-14 -1.34077660e-14
-6.70091541e-15 -3.39385689e-15 -1.70119199e-15 -8.72941405e-16
-4.21802682e-16 9.99987000e-01
11
-1.38725129e-15 -7.10554765e-16 -3.95969746e-16 -1.81037198e-16
-9.32699103e-17 -2.50858519e-17 -1.52348095e-17 -2.66416336e-18
-8.38832152e-18 -8.80395661e-18 9.87166831e-01
11
-1.72855611e-13 -8.64330380e-14 -4.32371171e-14 -2.16458409e-14
-1.08198993e-14 -5.45332206e-15 -2.73091119e-15 -1.38779431e-15
-6.79225789e-16 -3.70152259e-16 9.99987000e-01
12
-1.52274700e-15 -7.77433199e-16 -4.28979832e-16 -1.97330429e-16
-1.01311979e-16 -2.90552836e-17 -1.71940552e-17 -3.63121452e-18
-8.86564194e-18 -9.03955405e-18 -3.66324155e-18 9.87166831e-01
12
-2.60222907e-13 -1.30116118e-13 -6.50783732e-14 -3.25663270e-14
-1.62800713e-14 -8.18337259e-15 -4.09591871e-15 -2.07028920e-15
-1.02046880e-15 -5.40771545e-16 -2.83908643e-16 9.99987000e-01
13
-5.85931736e-15 -2.91789241e-15 -1.48547500e-15 -7.18798922e-16
-3.58700179e-16 -1.56097830e-16 -7.99001494e-17 -3.45819027e-17
-2.41423883e-17 -1.65799027e-17 -7.38503259e-18 -2.49876990e-18
9.87166831e-01
13
-3.64419704e-13 -1.82213839e-13 -9.11268953e-14 -4.55904187e-14
 -2.27920326e-14 -1.14393109e-14 -5.72386668e-15 -2.88425261e-15
 -1.42744521e-15 -7.44257106e-16 -3.85650101e-16 -2.15470161e-16
 9.99987000e-01
